ROSI : 

004 006 008 011 018 022 030 033 042 047 052 053 057 058 059 060
067 068 079 083 087 090 098 099 101 106 107 113 114 126 131 134
138 145 148 150 152 161 164 173 185 186 191 206 220 226 227 230
231 323 254 262 269 272 273 278 284 289 290 293 295 296 304 308
310 314 318 322 323 324 327 328 119 333 334 335 337 342 343 347
349 355 357 358 360 369 373 377 381 383 039 384 385 390 391 392
396 401 404 409 414 415 418 419 420 421 422 423 429 435 437 441
445 448 456 461 463 465 472 473 476 477 479 481 483 484 485 486
491 493 494 495 498 503 507 513 516 517 518 521 530 533 541 542
548 551 552 553 560 563 564 568 576 579 580 585 588 589 590 597
601 604 611 612 620 623 624 622 627 628 630 632 634 638 639 640
641 642 645 646 648 649 651 653 654 656 659 663 671 673 678 680
681 684 685 687 690 692 696 697 703 704 709 710 713 715 716 728
731 739 743 745 753 767 770 777 782 792 802 805 811 816 818 834
840 841 846 848 850 852 853 854 856 866 869 870 876 879 885 888
894 903 918 945 952 954 957 960 966 975 976 980 982 985 992 993 
996 
1008 1014 1016 1018 1020 1021 1026 1031 1032 1034 1035 1037
1042 1052 1056 1064 1068 1073 1074 1079 1088 1091 1096 1111
1112 1122 1121 1139 1149 1154 1171 1218 1224 1229 1230 1240 
1260 1261 1262 1286 1296 1300 1308 1324 1328 1333 1348 



